Gain	
17.89	
HORIZONTAL	360
0	17.89
1	17.88
2	17.84
3	17.78
4	17.7
5	17.6
6	17.47
7	17.33
8	17.14
9	16.94
10	16.73
11	16.49
12	16.22
13	15.92
14	15.59
15	15.25
16	14.86
17	14.49
18	14.01
19	13.55
20	13.06
21	12.56
22	11.97
23	11.31
24	10.65
25	9.95
26	9.2
27	8.4
28	7.55
29	6.62
30	5.6
31	4.43
32	3.16
33	1.7
34	0.22
35	-1.48
36	-3.52
37	-5.78
38	-8.15
39	-9.9
40	-10.1
41	-8.78
42	-6.88
43	-5.13
44	-3.8
45	-2.62
46	-1.66
47	-0.88
48	-0.27
49	0.3
50	0.73
51	1.12
52	1.44
53	1.68
54	1.89
55	2.04
56	2.15
57	2.21
58	2.25
59	2.25
60	2.23
61	2.18
62	2.1
63	1.99
64	1.88
65	1.74
66	1.58
67	1.4
68	1.2
69	0.97
70	0.75
71	0.5
72	0.22
73	-0.03
74	-0.31
75	-0.6
76	-0.91
77	-1.22
78	-1.54
79	-1.87
80	-2.19
81	-2.53
82	-2.85
83	-3.2
84	-3.46
85	-3.86
86	-4.18
87	-4.54
88	-4.86
89	-5.2
90	-5.56
91	-5.87
92	-6.23
93	-6.54
94	-6.88
95	-7.21
96	-7.54
97	-7.89
98	-8.24
99	-8.59
100	-8.94
101	-9.28
102	-9.65
103	-10.01
104	-10.39
105	-10.78
106	-11.19
107	-11.63
108	-12.1
109	-12.58
110	-13.1
111	-13.65
112	-14.24
113	-14.87
114	-15.56
115	-16.32
116	-17.18
117	-18.08
118	-19.11
119	-20.18
120	-21.39
121	-22.66
122	-23.93
123	-25.19
124	-26.22
125	-26.68
126	-26.75
127	-26.27
128	-25.52
129	-24.72
130	-23.98
131	-23.27
132	-22.68
133	-22.19
134	-21.81
135	-21.49
136	-21.29
137	-21.16
138	-21.07
139	-21.07
140	-21.09
141	-21.18
142	-21.29
143	-21.41
144	-21.54
145	-21.68
146	-21.81
147	-21.95
148	-22.05
149	-22.11
150	-22.14
151	-22.13
152	-22.13
153	-22.13
154	-22.11
155	-22.07
156	-22.04
157	-22.05
158	-22.08
159	-22.15
160	-22.27
161	-22.43
162	-22.61
163	-22.83
164	-23.08
165	-23.35
166	-23.65
167	-24
168	-24.36
169	-24.7
170	-24.98
171	-25.33
172	-25.65
173	-26.03
174	-26.21
175	-26.33
176	-26.45
177	-26.55
178	-26.6
179	-26.64
180	-26.71
181	-26.81
182	-26.92
183	-27.13
184	-27.37
185	-27.65
186	-28.05
187	-28.54
188	-29.12
189	-29.78
190	-30.6
191	-31.61
192	-32.69
193	-34.31
194	-35.94
195	-38.17
196	-40.93
197	-44.38
198	-47.52
199	-47.12
200	-43.6
201	-40.75
202	-38.46
203	-36.71
204	-35.36
205	-34.19
206	-33.2
207	-32.28
208	-31.46
209	-30.69
210	-29.83
211	-29.04
212	-28.22
213	-27.38
214	-26.62
215	-25.83
216	-25.08
217	-24.34
218	-23.62
219	-22.91
220	-22.24
221	-21.58
222	-21
223	-20.39
224	-19.84
225	-19.3
226	-18.89
227	-18.41
228	-17.97
229	-17.53
230	-17.12
231	-16.73
232	-16.37
233	-16.02
234	-15.68
235	-15.37
236	-15.06
237	-14.73
238	-14.42
239	-14.14
240	-13.86
241	-13.6
242	-13.35
243	-13.1
244	-12.86
245	-12.62
246	-12.39
247	-12.16
248	-11.94
249	-11.72
250	-11.5
251	-11.3
252	-11.08
253	-10.87
254	-10.65
255	-10.43
256	-10.19
257	-9.94
258	-9.67
259	-9.41
260	-9.15
261	-8.82
262	-8.56
263	-8.24
264	-7.92
265	-7.57
266	-7.24
267	-6.91
268	-6.57
269	-6.24
270	-5.9
271	-5.57
272	-5.24
273	-4.89
274	-4.55
275	-4.22
276	-3.9
277	-3.59
278	-3.29
279	-2.99
280	-2.69
281	-2.39
282	-2.11
283	-1.82
284	-1.53
285	-1.27
286	-1
287	-0.75
288	-0.49
289	-0.26
290	-0.02
291	0.16
292	0.37
293	0.56
294	0.74
295	0.9
296	1.04
297	1.16
298	1.26
299	1.34
300	1.39
301	1.42
302	1.42
303	1.39
304	1.31
305	1.2
306	1.06
307	0.86
308	0.59
309	0.28
310	-0.11
311	-0.6
312	-1.19
313	-1.93
314	-2.83
315	-3.79
316	-5.13
317	-6.65
318	-8.63
319	-10.52
320	-11.53
321	-9.97
322	-7.48
323	-4.88
324	-2.82
325	-0.81
326	0.85
327	2.26
328	3.57
329	4.89
330	5.98
331	6.95
332	7.91
333	8.71
334	9.52
335	10.22
336	10.92
337	11.53
338	12.15
339	12.69
340	13.23
341	13.75
342	14.13
343	14.63
344	15.02
345	15.39
346	15.72
347	16.02
348	16.29
349	16.56
350	16.8
351	17.02
352	17.19
353	17.36
354	17.51
355	17.63
356	17.72
357	17.8
358	17.85
359	17.88
VERTICAL	360
0	17.89
1	17.81
2	17.58
3	17.18
4	16.67
5	15.92
6	14.96
7	13.74
8	12.25
9	10.33
10	7.75
11	4.5
12	-0.96
13	-8.51
14	-3.72
15	1.83
16	4.89
17	6.65
18	7.86
19	8.56
20	8.93
21	9.03
22	8.85
23	8.4
24	7.68
25	6.71
26	5.34
27	3.74
28	1.41
29	-1.46
30	-6.21
31	-14.62
32	-17.68
33	-8.03
34	-3.92
35	-1.5
36	-0.08
37	0.86
38	1.41
39	1.71
40	1.73
41	1.54
42	1.14
43	0.56
44	-0.23
45	-1.23
46	-2.49
47	-3.99
48	-5.75
49	-8.02
50	-10.89
51	-14.88
52	-21.17
53	-26.4
54	-20.72
55	-16.54
56	-14.03
57	-12.45
58	-11.41
59	-10.76
60	-10.41
61	-10.28
62	-10.34
63	-10.58
64	-10.96
65	-11.47
66	-12.11
67	-12.85
68	-13.75
69	-14.79
70	-15.96
71	-17.33
72	-18.8
73	-20.41
74	-22.26
75	-24.52
76	-27.2
77	-30.35
78	-35.22
79	-42.82
80	-41.77
81	-35.6
82	-32.7
83	-30.22
84	-28.61
85	-27.29
86	-26.25
87	-25.33
88	-24.56
89	-23.89
90	-23.22
91	-22.7
92	-22.2
93	-21.74
94	-21.35
95	-20.94
96	-20.59
97	-20.25
98	-19.95
99	-19.65
100	-19.4
101	-19.16
102	-18.94
103	-18.73
104	-18.54
105	-18.37
106	-18.21
107	-18.08
108	-17.97
109	-17.89
110	-17.86
111	-17.85
112	-17.88
113	-17.95
114	-18.08
115	-18.27
116	-18.5
117	-18.81
118	-19.16
119	-19.61
120	-20.07
121	-20.63
122	-21.28
123	-21.97
124	-22.68
125	-23.48
126	-24.26
127	-24.97
128	-25.61
129	-26.15
130	-26.61
131	-26.98
132	-27.38
133	-27.78
134	-28.28
135	-28.96
136	-29.76
137	-30.71
138	-31.84
139	-33
140	-34.1
141	-34.71
142	-34.82
143	-34.48
144	-34.06
145	-33.92
146	-34.04
147	-34.64
148	-35.85
149	-38.23
150	-42.85
151	-55.84
152	-43.96
153	-36.72
154	-33.08
155	-30.47
156	-28.52
157	-27.03
158	-25.93
159	-25.13
160	-24.55
161	-24.23
162	-24.11
163	-24.22
164	-24.55
165	-25.1
166	-25.89
167	-26.68
168	-27.97
169	-29.38
170	-30.54
171	-30.63
172	-29.09
173	-26.97
174	-24.99
175	-23.35
176	-22.1
177	-21.08
178	-20.43
179	-20.02
180	-19.77
181	-19.84
182	-20.3
183	-21.05
184	-22.05
185	-23.31
186	-24.64
187	-25.95
188	-26.59
189	-26.3
190	-25.4
191	-24.37
192	-23.56
193	-23.05
194	-22.85
195	-23.03
196	-23.66
197	-24.86
198	-26.8
199	-30.03
200	-35.99
201	-42.01
202	-34.27
203	-29.44
204	-26.44
205	-24.43
206	-23.2
207	-22.46
208	-22.08
209	-22.08
210	-22.46
211	-23.16
212	-24.22
213	-25.63
214	-27.48
215	-29.74
216	-31.76
217	-32.04
218	-30.28
219	-28.3
220	-26.66
221	-25.53
222	-24.72
223	-24.26
224	-24.07
225	-24.14
226	-24.42
227	-24.86
228	-25.43
229	-25.88
230	-26.09
231	-25.88
232	-25.3
233	-24.47
234	-23.52
235	-22.58
236	-21.72
237	-20.95
238	-20.32
239	-19.72
240	-19.29
241	-18.95
242	-18.69
243	-18.49
244	-18.37
245	-18.29
246	-18.24
247	-18.22
248	-18.2
249	-18.18
250	-18.17
251	-18.13
252	-18.06
253	-17.97
254	-17.86
255	-17.76
256	-17.62
257	-17.5
258	-17.38
259	-17.27
260	-17.17
261	-17.08
262	-17.02
263	-16.98
264	-16.97
265	-17
266	-17.06
267	-17.18
268	-17.34
269	-17.55
270	-17.81
271	-18.13
272	-18.5
273	-18.94
274	-19.47
275	-20.07
276	-20.8
277	-21.62
278	-22.47
279	-23.2
280	-23.5
281	-23.24
282	-22.29
283	-20.83
284	-19.14
285	-17.45
286	-15.75
287	-14.12
288	-12.63
289	-11.28
290	-10.06
291	-8.93
292	-7.88
293	-6.93
294	-5.97
295	-5.15
296	-4.36
297	-3.66
298	-3.08
299	-2.55
300	-2.11
301	-1.74
302	-1.45
303	-1.26
304	-1.19
305	-1.23
306	-1.4
307	-1.74
308	-2.25
309	-3.01
310	-3.98
311	-5.38
312	-7.5
313	-10.64
314	-15.5
315	-20.37
316	-14.65
317	-9.24
318	-5.96
319	-3.42
320	-1.6
321	-0.2
322	0.96
323	1.77
324	2.38
325	2.75
326	2.93
327	2.91
328	2.66
329	2.2
330	1.39
331	0.32
332	-1.24
333	-3.15
334	-6.09
335	-10.02
336	-17.46
337	-32.02
338	-15.44
339	-11.45
340	-10.07
341	-10.1
342	-11.56
343	-11.99
344	-8.14
345	-3.59
346	0.57
347	3.72
348	6.3
349	8.54
350	10.33
351	11.95
352	13.23
353	14.35
354	15.35
355	16.13
356	16.77
357	17.27
358	17.62
359	17.83
